0.0000
0.0000
0.0000
0.0000
3.4979
0.0000
0.0000
0.0000
0.8040
0.0000
0.0000
0.0000
0.0000
0.0000
0.0000
0.0000
0.0000
0.0000
0.0000
0.0000
0.0000
0.0000
0.0000
0.0000
0.0000
0.0000
0.0000
0.0000
0.0000
0.0000
1.7201
0.0000
0.0000
0.0000
4.0361
0.0000
0.0000
0.0000
0.0000
0.0000
0.0000
0.0000
0.0000
4.4766
0.0000
7.1842
0.0000
0.0000
0.0000
0.0000
0.0000
0.0000
0.0000
0.0000
0.0000
0.0000
0.0000
0.0000
0.0000
0.0000
0.0000
0.0000
0.0000
0.0000
0.0000
0.0000
0.0000
0.0000
0.0000
0.0000
1.2151
0.0000
0.0000
0.0000
0.0000
0.0000
0.0000
11.6952
0.0000
0.3336
0.0000
0.0000
0.0000
0.3310
0.0000
0.0000
0.0000
0.0000
0.0000
0.0000
0.0000
0.0000
0.0000
1.0822
0.0000
0.0000
0.0000
0.0000
0.0000
1.0505
0.0000
0.0000
0.0000
0.0000
0.0000
0.0000
0.9929
0.0000
0.0000
0.0000
0.0000
0.0000
0.0000
1.9460
0.0000
0.0000
0.0000
0.0000
0.0000
0.0000
0.0000
0.0000
0.0000
0.0000
0.0000
0.0000
0.0000
0.0000
0.0000
0.0000
0.0000
0.0000
0.0000
0.0000
7.5722
5.0185
0.0000
0.0000
0.0000
0.0000
0.0000
3.1033
0.0000
0.0668
3.0595
0.0000
0.0000
0.0000
3.9799
0.0000
0.0000
0.0000
0.0000
0.0000
0.0000
0.0000
0.0000
0.0000
0.0000
0.0000
0.0000
0.0000
0.0000
5.4774
0.0000
0.0000
3.5777
0.0000
0.0000
0.0000
0.0000
0.3285
8.9012
0.0000
0.0000
0.0000
0.0000
0.0000
0.0000
0.0000
0.0000
0.0000
0.0000
0.0000
0.0000
0.0000
0.0000
0.0000
0.0000
0.0000
0.0000
0.0000
0.0000
0.0000
0.0000
0.0000
0.0000
0.0000
1.5389
0.0000
4.1826
0.0000
0.0000
1.9845
11.4385
0.0000
0.0000
0.0000
0.0000
0.0000
0.0000
0.0000
0.0000
0.0000
0.0000
0.0000
0.0000
0.0000
5.2861
0.0000
0.0000
0.0000
0.0000
0.0000
0.0000
0.0000
0.0000
0.0000
0.0000
0.0000
0.0000
0.0000
0.0000
0.0000
0.0000
0.0000
0.0000
0.0000
0.0000
0.0000
0.0000
0.0000
0.0000
0.0000
0.0000
0.0000
2.6348
0.0000
0.0000
0.0000
6.7385
0.0000
0.0000
0.0000
0.2483
0.0000
0.0000
0.0000
0.0000
2.8601
0.0000
5.8791
0.0000
0.0000
0.0000
0.0000
0.0000
0.0000
0.0000
0.0000
0.0000
1.7429
0.0000
2.1655
0.0000
0.0000
0.0000
0.0000
0.0000
0.0000
0.0000
0.0000
0.0000
0.0000
0.0000
0.0000
0.7940
0.0000
0.0000
0.0000
0.0000
0.0000
0.0000
0.0000
0.0000
0.0000
0.0000
0.0000
0.0830
0.0000
0.0000
0.8854
7.9614
0.0000
0.0000
0.0000
0.0000
0.0000
0.0000
0.0000
0.0000
0.0000
0.0000
0.0000
0.0000
0.0000
0.0000
0.0000
0.0000
0.0000
0.0000
0.0000
0.0000
0.0000
0.0000
0.0000
0.0000
0.0000
0.0000
0.0000
0.1190
0.0000
5.9346
0.0000
0.0000
0.0000
0.0000
0.0000
0.0000
0.0000
0.0000
0.0000
0.0000
0.0000
0.0000
0.0000
0.0000
0.0000
0.5478
0.0000
0.0000
0.0000
0.0000
0.0000
0.0000
0.0000
0.0000
0.0000
0.0000
0.0000
3.6841
0.0000
2.8342
0.0000
0.0496
0.0000
0.0000
0.0000
0.0000
0.0000
0.0000
0.0000
0.0000
0.5659
0.0000
0.0000
2.0044
0.0000
1.1215
0.0000
0.0000
0.0000
0.0000
0.0000
0.0000
0.0000
0.0000
0.0000
0.0000
0.0000
0.0000
0.0000
0.0000
0.0000
0.0000
0.0000
0.0000
0.0000
0.0000
0.0000
0.0000
0.9964
0.0000
0.0000
0.0000
0.0000
0.0000
0.0000
0.0000
0.0000
0.0000
0.0000
0.0000
0.0000
0.0000
5.9777
0.0000
0.0000
0.0000
0.0000
0.0000
0.0000
0.0000
0.0000
8.4205
0.0000
0.0000
0.0000
0.0000
0.0000
8.5690
0.0000
0.0000
0.0000
0.0000
0.0000
0.0000
0.0000
0.0000
0.0000
0.0000
0.0000
0.0000
0.0000
0.0000
0.4590
0.0000
0.0000
0.0000
0.0000
0.0000
0.0000
0.0000
0.0000
0.0000
0.0000
0.0000
0.0000
0.0000
0.0000
0.0000
0.0000
0.0000
0.0000
0.0000
0.0000
0.0000
0.0000
0.0000
0.0000
0.0000
9.3157
0.0000
0.0000
0.0000
0.0000
4.2006
0.0000
0.0000
0.0000
0.0000
0.0000
0.0000
0.0000
0.0000
0.0000
0.0000
0.0000
0.0000
0.0000
0.0000
0.0000
2.2799
2.2554
0.0000
6.8028
0.0000
1.2902
0.0000
0.0000
0.0000
0.0000
0.0000
0.0000
0.0000
0.0000
0.0000
7.4589
0.0000
0.0000
0.0000
0.0000
0.0000
0.0000
0.0000
0.0000
0.0000
0.0000
0.0000
0.0000
0.0000
0.0000
0.0000
0.0000
0.6698
0.0000
0.0000
0.0000
0.0000
0.4392
0.0000
0.0000
0.0000
0.0000
0.0000
0.0000
0.6094
0.0000
0.0000
0.0000
0.0000
0.0000
0.0000
0.0000
0.0000
0.0000
0.0000
0.0000
0.0000
0.0000
1.2998
0.0000
0.0000
0.0000
0.0000
0.0000
0.0000
0.0000
0.0000
0.0000
0.0000
0.0000
0.0000
0.0000
0.0000
1.0877
0.0000
2.4941
0.0000
4.1042
0.0000
0.0000
0.0000
0.0000
0.0000
1.0336
0.0000
0.0000
0.0000
0.0000
0.0000
0.0000
0.0000
0.0000
0.0000
0.0000
3.8067
0.0000
0.0000
0.0000
0.0000
0.0000
0.0000
0.0000
0.0000
0.0000
0.0000
0.0000
0.0000
0.0000
0.0000
0.0000
0.0000
0.0000
0.0000
0.0000
0.0000
0.0000
0.0000
1.1440
0.0000
0.0000
0.0000
0.0000
0.0000
0.0000
0.0000
0.0000
0.0000
0.0000
0.0000
0.0000
0.0000
0.0000
0.0000
0.0000
0.0000
0.0000
0.0000
0.0000
0.6751
0.0000
0.0000
0.0000
0.0000
0.0000
0.0000
0.0000
0.0000
0.0000
0.0000
0.0000
0.0000
6.9211
0.0000
0.0000
0.0000
0.0000
0.0000
0.0000
0.0000
0.0000
0.0000
0.0000
0.0000
0.0000
0.0000
0.0000
0.0000
0.0000
0.0000
0.0000
0.0000
0.0000
0.0000
0.0000
0.0000
0.0000
0.0000
0.0000
0.0000
0.0000
0.0000
0.0000
0.0000
0.0000
0.0000
0.0000
0.0000
0.4126
0.0000
0.0000
0.0000
0.0000
0.0000
0.0000
0.0000
0.0000
1.8222
1.3200
0.0000
0.0000
4.8679
6.0642
0.0000
0.0000
0.0000
0.0000
0.0000
0.0000
0.0000
0.0000
0.9167
0.0000
0.0000
0.0000
0.0000
0.0000
0.0000
0.0000
0.0000
0.0000
0.0000
0.3661
0.0000
0.0000
0.0000
2.5807
0.0000
0.0077
0.0000
0.0000
0.0000
0.0000
0.0000
4.9643
0.0000
0.0000
0.0357
0.0000
0.0000
0.0000
1.0367
0.0000
0.0000
0.0000
0.0000
0.0000
0.0000
0.0000
0.0000
0.0000
0.0000
0.0000
0.0000
0.0000
0.0000
0.0000
0.0000
2.2604
0.0000
0.0000
0.0000
11.5736
0.0000
0.0000
0.0000
2.6374
0.0000
0.0000
0.0000
0.0000
0.0000
0.0000
0.0000
0.0000
0.0000
0.0000
0.0000
0.0000
0.0000
1.1564
0.0000
0.0000
0.0000
0.0000
0.0000
0.0000
0.0000
0.0000
0.0000
0.0000
0.0000
0.0000
0.0000
0.0000
1.4051
1.9459
0.0000
0.0000
0.0000
0.0000
0.0000
0.0000
6.9986
0.0000
0.0000
0.0000
9.5281
0.0000
0.0000
0.0000
0.0000
0.0000
0.0000
0.0000
0.0000
0.0000
7.6638
0.0000
0.0000
0.0000
2.9910
0.0000
0.0000
0.0000
0.0000
1.1752
15.5541
0.0000
0.0000
0.0000
0.0000
0.0000
0.0000
0.0000
0.0000
0.0000
0.0000
0.0000
0.0000
0.0000
0.0000
0.0000
0.0000
2.0729
0.0000
0.0000
0.0000
0.0000
7.6286
0.0000
0.0000
0.0000
0.0000
0.0000
0.0000
0.0000
0.0000
0.0000
0.0000
0.0000
0.0000
0.0000
0.0000
0.0000
0.0000
0.0000
0.5742
0.0000
0.0000
1.0593
0.0000
0.0000
0.0000
0.0000
0.0000
8.7619
4.6700
0.0000
0.0000
0.0000
0.0000
0.0000
0.0000
0.0000
0.0000
0.0000
0.0000
0.0000
0.0000
0.0000
0.0000
0.0000
0.0000
0.0000
0.0000
0.0000
0.0000
5.9478
0.0000
0.0000
0.0000
0.0000
0.0000
0.0000
0.0000
0.0000
5.2707
0.0000
0.0000
4.0615
0.0000
0.0000
0.0000
0.0000
0.0000
0.0000
0.0000
0.0000
0.0000
0.0000
0.0000
0.0000
0.0000
0.0000
0.0000
0.0000
0.0000
6.4171
12.6389
0.0000
0.0000
0.0000
0.0000
0.0000
0.0000
0.0000
0.0000
0.0000
0.0000
0.0000
0.0000
0.0000
0.0000
0.0000
0.2677
0.0000
3.4526
0.0000
0.0000
0.0000
0.0000
0.0000
0.0000
0.0000
0.0000
0.0000
0.0000
2.3495
3.9641
0.0000
4.3159
0.0000
0.0000
5.4881
0.0000
0.0000
0.0000
0.0000
0.0000
0.0000
0.0000
0.0000
0.0000
3.6143
0.0000
0.0000
0.0000
0.0000
0.0000
0.0000
0.0000
0.0000
0.0000
0.0000
0.0000
4.3206
1.6128
0.0000
0.0000
2.6011
0.0000
0.0000
0.0000
0.0000
0.0000
0.0000
0.0000
0.0000
3.8667
0.0000
0.0000
0.0000
0.0000
0.0000
0.0000
0.0000
0.0000
0.0000
0.0000
0.0000
0.0000
0.0000
1.5136
0.0000
0.0000
0.0000
0.0000
0.0000
0.0000
0.0000
4.5882
0.0000
0.0000
0.0000
0.0000
0.0000
0.0000
1.8044
0.0000
0.0000
0.0000
5.5842
0.0000
0.0000
0.0000
0.0000
0.0000
5.2717
0.0000
0.0000
0.0000
0.0000
0.0000
0.0000
0.0000
0.0000
0.0000
1.3348
0.0000
0.0000
0.0000
0.0000
0.0000
0.0000
0.0000
0.0000
0.0000
0.0000
0.0000
0.0000
0.0000
0.0000
0.0000
0.5630
0.0000
0.0000
0.0000
0.0000
0.0000
0.0000
0.0000
0.0000
0.0000
0.0000
0.0000
0.0000
0.0000
0.0000
0.0000
0.0000
0.0000
0.0000
0.0000
5.3661
0.0000
0.0000
0.0000
0.0000
0.0000
0.0000
0.0000
0.0000
5.2467
0.0000
0.0000
0.0000
0.0000
0.0000
0.0000
0.0000
0.0000
0.4339
0.0000
0.0000
0.0000
4.4782
1.0614
0.0000
0.0000
0.0000
0.0000
0.0000
0.0000
0.0000
0.0000
0.0000
1.9565
0.0000
0.0000
0.0000
0.0000
6.2564
4.0491
0.0000
0.0000
0.0000
0.0000
0.0000
0.0000
0.0000
0.0000
0.0000
0.0000
0.0000
0.0000
0.0000
0.0000
0.0000
0.0000
0.0000
0.0000
0.0000
0.0000
0.0000
0.0000
0.0000
0.0000
0.0000
0.0000
0.0000
0.0000
3.1982
4.0491
0.0000
0.0000
0.0000
0.0000
4.0982
0.0000
0.0000
3.4301
0.0000
0.0000
0.0000
0.0000
0.0000
0.0000
0.0000
5.0342
0.0000
0.0000
0.0000
0.0000
0.0000
0.0000
0.0000
3.0387
0.0000
0.0000
0.0000
0.0000
0.0000
0.0000
0.0000
0.0000
0.0000
5.0725
0.0000
0.0000
0.0000
2.4587
0.0000
0.0000
0.0000
0.0000
0.0000
0.0000
0.0000
0.0000
0.0000
0.0000
0.0000
0.0000
0.0000
0.0000
0.0000
0.0000
0.0000
0.0000
0.0000
0.0000
0.0000
3.4512
0.0000
0.0000
0.0000
0.0000
0.0000
6.7017
0.0000
0.0000
0.0000
0.0000
0.0000
0.0000
0.0000
0.0000
0.0000
0.0000
0.0000
5.9484
0.0000
0.0000
0.0000
0.0000
0.0000
0.5909
0.0000
0.0000
0.0000
0.8690
0.0000
0.0000
5.0890
0.0000
0.0000
0.0000
0.0000
0.0000
0.0000
0.0000
0.0000
3.2307
0.0000
0.0000
0.0000
0.0000
0.0000
0.0000
0.0000
0.0000
0.0000
0.0000
0.0000
0.0000
0.0000
0.0000
0.0000
1.1093
0.0000
0.0000
0.0000
0.0000
0.0000
0.0000
6.9303
0.0000
0.0000
0.0000
0.0000
0.0000
0.0000
0.0000
0.0000
0.0000
0.0000
0.0000
0.0000
0.0000
0.0000
0.0000
3.1095
0.0000
0.0000
0.0000
0.0000
2.6973
0.0000
0.0000
2.7129
0.1838
0.0000
0.0000
0.0000
0.0000
0.0000
0.0000
0.0000
0.0000
0.0000
0.0000
0.0000
0.0000
0.0000
0.0000
0.0000
0.0000
0.0000
0.0000
0.0000
0.0000
0.0000
0.0000
0.0000
0.0000
0.0000
1.3466
0.0000
0.0000
0.0000
0.0000
0.0000
0.0000
0.0000
0.0000
0.0000
0.0000
5.1000
0.0000
0.0000
0.0000
0.0000
0.0000
0.0000
0.0000
0.0000
0.0000
0.0000
3.4356
0.0000
0.0000
0.0000
0.0000
0.0000
0.0000
0.0000
4.2477
0.0000
0.0000
0.0000
0.0000
0.0000
0.0000
0.0000
0.0000
0.0000
0.0000
0.0000
0.0000
0.0000
0.0000
0.0000
0.0000
0.0000
0.0000
0.0000
0.0000
0.0000
0.0000
0.0000
0.0000
0.0000
0.0000
0.0000
0.0000
0.4278
0.0000
0.0000
0.0000
3.2486
0.0000
0.0000
6.7800
0.0000
0.0000
0.0000
0.0000
0.0000
0.0000
0.0000
0.0000
0.0000
0.0000
0.0000
0.0000
0.0000
0.0000
1.2426
0.0000
0.0000
0.0000
0.0000
0.0000
0.0000
13.7356
0.0000
0.0000
0.0000
0.0000
0.0000
0.0000
0.9967
0.0000
0.0000
0.0000
0.0000
0.0000
0.0000
1.4520
0.0000
0.0000
0.0000
0.0000
0.0000
0.0000
0.0000
0.0000
0.0000
0.0000
0.0000
0.2645
0.0000
0.0000
0.0000
0.0000
0.0000
0.0000
0.0000
0.0000
0.0000
0.0000
0.7152
2.9053
0.0000
0.0000
0.0000
0.0000
0.0000
0.0000
0.0000
0.0000
3.2753
0.0000
0.0000
0.0000
0.0000
0.0000
0.0000
0.0000
0.0000
0.0000
0.0000
0.0000
0.0000
0.2410
0.0000
0.0000
0.0000
0.5775
0.4944
0.0000
0.0000
0.0000
4.2577
0.0000
0.0000
0.0000
9.1470
2.6553
0.0000
0.0000
7.1969
0.0000
0.0000
0.0000
7.2003
0.0000
0.0000
0.0000
0.0000
1.7076
0.0000
8.2080
0.0000
0.0000
0.0000
0.0000
0.0000
0.0000
4.3732
0.0000
6.5916
0.0000
0.0000
0.0000
0.0000
0.0000
0.5736
0.0000
0.0000
0.0000
0.0000
2.5845
0.0000
0.0000
0.0000
0.0000
1.4034
0.0000
0.0000
0.0000
0.0000
0.0000
1.5171
0.0000
0.0000
0.0000
0.0000
0.0000
0.0000
0.0000
0.0000
0.0000
0.0000
0.0000
0.0000
0.0000
0.0000
0.0000
0.0000
0.0000
0.0000
0.0000
0.0000
0.0000
0.0000
0.0000
0.6526
0.0000
1.2584
0.0000
0.0000
0.0000
0.0000
0.6433
0.0000
0.0000
0.0000
1.6416
0.0000
0.0000
0.0000
0.0000
0.0000
0.0000
0.0000
0.0000
0.0000
0.0000
0.0000
0.0000
0.0000
0.0000
0.0000
0.0000
0.0000
0.0000
0.0000
0.0000
0.0000
1.3138
0.0000
0.0000
3.5557
0.0000
0.0000
1.0237
0.0000
0.0000
0.0000
0.0000
0.0000
0.0000
0.0000
0.0000
0.0000
0.0000
0.0000
1.6199
0.0000
0.0000
0.0000
0.0000
0.0000
0.0000
0.0000
0.0000
0.0000
0.0000
7.0818
0.0000
0.0000
0.0000
0.9335
7.6615
0.0000
0.0000
0.0000
0.0000
0.0152
0.3299
0.0000
0.0000
0.0000
4.2565
0.6959
0.0000
0.0000
0.0000
0.0000
0.0000
0.0000
0.0000
0.0000
0.0000
0.0000
0.0000
0.0000
0.0000
0.0000
0.0000
0.0000
4.8745
0.0000
6.3773
0.0000
0.0000
6.1903
0.0000
0.0000
0.0000
0.0000
0.0000
0.0000
0.0000
0.0000
0.0000
4.1704
4.5601
0.2431
5.6436
0.0000
0.0000
0.0000
0.0000
0.0000
0.0000
0.0000
0.0000
0.0000
0.0000
0.0000
0.0000
4.8216
0.0000
0.0000
0.0000
0.0000
0.0000
0.0000
0.0000
0.0000
0.0000
0.0000
0.0000
0.0000
0.0000
0.0000
1.4419
0.0000
1.3085
3.1317
9.3950
0.0000
0.0000
1.7663
0.0000
0.0000
0.0000
0.0000
0.0000
3.6490
0.0000
0.0000
0.0000
0.0000
0.0000
0.0000
0.0000
0.0000
0.0000
0.0000
0.0000
0.0000
0.0000
0.0000
0.0000
0.0000
0.0000
0.0000
0.0000
0.0000
0.0000
0.0000
0.0000
0.9608
0.0000
3.6146
0.0000
2.5258
0.0000
0.0000
0.0000
0.0000
0.0000
0.0000
0.0000
0.0000
0.0000
0.0000
0.0000
0.0000
0.0000
0.0000
0.0000
4.3373
0.0000
0.0000
0.0000
0.0000
0.0000
0.0000
0.0000
0.0000
0.0000
0.6267
2.1267
0.0000
0.0000
0.0000
0.0000
0.0000
0.0000
0.0000
0.0000
0.4485
1.3920
0.0000
0.0000
0.0000
0.0000
0.0000
0.0000
3.1942
0.0000
0.0000
0.0000
0.0000
0.0000
0.0000
0.0000
0.0000
0.0000
0.0000
0.0000
0.0000
0.0000
0.0000
0.0000
0.0000
0.0000
0.0000
0.0000
0.0000
0.0000
0.0000
0.0000
0.0000
0.0000
0.0000
0.0000
0.0000
0.0000
0.4547
0.0000
0.0000
0.0000
0.0000
0.0000
0.0000
0.0000
0.0000
0.0000
0.0000
0.0000
0.0000
0.0000
0.0000
0.0000
0.0000
0.5931
2.5016
0.0000
0.0000
0.0000
0.0000
0.0000
0.0000
0.0000
0.0000
0.0000
0.0000
0.0000
0.0000
0.0000
0.0000
0.0000
0.0000
0.0000
0.0000
2.7227
0.0000
0.0000
0.0000
2.0730
0.0000
0.0000
0.0000
0.0000
0.0000
2.4095
0.0000
0.0000
0.0000
1.2023
12.6318
0.0000
0.0000
1.8763
0.0000
0.0000
0.0000
0.0000
0.0000
0.0000
0.0000
0.0000
0.0000
0.0000
0.0000
0.0000
0.0000
0.0000
0.0000
0.0000
0.0000
0.0000
3.1651
0.0000
0.0000
0.0000
0.0000
0.0000
0.0000
0.0000
0.0000
1.1475
0.0000
0.0000
0.0000
0.0000
1.1469
3.9569
0.0000
0.0000
0.0000
0.0000
0.0000
0.0000
0.7041
0.0000
0.0000
0.0000
0.0000
0.0000
0.0000
0.0000
0.0000
0.0000
0.0000
0.0000
0.0000
0.0000
4.7138
0.0000
0.0000
0.0000
0.0000
0.0000
0.0000
0.0000
0.0000
0.0000
0.0000
0.0000
5.6630
0.0000
0.0000
0.0000
0.0000
0.0000
0.0000
0.0000
0.0000
0.0000
0.0000
0.0000
0.0000
2.9846
0.0000
0.0000
0.0000
0.0000
0.0000
0.0000
0.0000
0.0000
0.0000
0.0000
0.0000
0.0000
0.0000
0.0000
0.0000
0.0000
0.0000
0.0000
0.0000
0.0000
0.0000
0.0000
0.0000
0.0000
0.0000
0.0000
0.0000
0.0000
0.0000
0.0000
0.0000
0.7000
0.0000
4.0142
0.0000
0.0000
0.0000
0.0000
0.0000
0.0000
0.0000
0.0000
0.0000
0.0000
0.0000
0.0000
0.0000
0.0000
0.0000
0.0000
0.0000
1.0895
0.0000
0.0000
0.0000
9.0268
0.0000
0.0000
0.0000
0.0000
0.0000
0.0000
0.0000
0.0000
0.0000
0.0000
0.0000
0.0000
0.0000
0.0000
0.0000
0.0000
0.0000
0.0000
0.0000
0.0000
0.0000
0.0000
0.0000
0.0000
0.0000
0.0000
0.0000
0.0000
0.0000
3.4417
0.0000
0.0000
0.0000
0.0000
0.0000
0.0000
0.0000
0.0000
0.0000
0.0000
0.0000
9.0280
0.0000
0.0000
0.0000
0.0000
0.0000
0.0000
0.0000
0.0000
0.0000
1.5752
0.0000
1.0680
0.5502
4.8149
0.0000
0.0000
0.0000
0.0000
0.0000
0.0000
0.0000
8.2710
0.0000
0.0000
0.0000
0.0000
0.0000
0.0000
0.0000
0.0000
5.2031
0.0000
0.0000
0.0000
0.0000
0.0000
0.9209
0.6100
0.0000
0.0000
1.0012
10.1032
5.4689
0.0000
0.0000
0.0000
0.0000
0.0000
0.0000
0.0000
0.3974
0.0000
0.0000
0.0000
0.0000
0.0000
0.0000
0.0000
0.0000
0.0000
0.0000
0.0000
0.0000
0.0000
0.0000
0.0000
0.0000
0.0000
0.0000
0.0352
0.0000
0.0000
0.0000
0.0000
0.0000
0.0000
0.0000
0.0000
0.0000
0.0000
3.7792
0.0000
0.0000
0.0000
12.4249
0.0000
0.0000
0.0000
0.0000
0.0000
0.0000
0.0000
0.0000
0.0000
0.0000
0.0000
0.0000
0.0000
0.0000
0.0000
0.0000
0.0000
0.0000
1.6026
0.0000
0.0000
4.7786
3.3859
0.0000
0.0000
0.0000
0.0000
5.7688
2.1797
0.0000
0.0000
0.0000
0.0000
0.0000
1.9431
0.0000
0.0000
0.0000
0.0000
0.0000
0.0000
0.0000
0.0000
0.0000
0.0000
0.0000
0.0000
0.0000
0.0000
0.0000
0.0000
0.0000
0.0000
0.0000
0.0000
0.0000
0.0000
0.0000
0.0000
0.0000
0.0000
0.0000
0.0000
0.0000
0.0000
0.0000
0.0000
4.3227
0.0000
0.0000
0.0000
0.0000
10.1866
5.4415
0.0000
0.0000
0.0000
0.0000
0.0000
0.0000
4.5568
0.0000
0.0000
0.0000
2.1253
0.0000
1.3066
0.0000
0.0000
0.0000
0.0000
0.0000
0.0000
0.0000
0.0000
0.0000
0.0000
0.0000
0.0000
0.0000
0.0000
0.0000
0.0000
0.0000
0.0000
1.4523
0.0000
10.7255
0.0000
0.0000
0.0000
0.0000
0.0000
0.0000
0.0000
0.0000
0.0000
0.0000
0.0000
5.5142
0.0000
0.0000
0.0000
0.0000
6.2570
8.0778
0.0000
0.0000
0.0000
0.0000
0.0000
0.0000
0.0000
0.0000
0.0000
0.0000
0.0000
0.0000
0.0000
0.0000
2.3603
0.0000
0.0000
0.0000
0.0000
1.2907
0.0000
0.8480
0.0000
2.6175
0.0000
0.0000
8.4050
0.0000
3.7139
0.0000
0.0000
0.0000
0.0000
0.0000
6.3566
0.0000
0.0000
4.6457
0.0000
0.0000
0.0000
0.0000
0.0000
2.8278
0.0000
0.0000
0.0000
0.0000
0.0000
4.9409
0.0000
0.0000
0.0000
0.0000
0.0000
1.0654
0.0000
0.0000
0.1589
0.0000
0.0000
0.0000
0.0000
0.0000
0.0000
0.0000
0.0000
0.0000
0.0000
0.0000
0.0000
0.0000
0.0000
0.0000
0.0000
6.4591
0.0000
0.2105
0.0000
0.0000
0.0000
4.7683
0.0000
0.0000
0.0000
0.0000
0.0000
4.2765
0.0000
0.0000
0.0000
0.0000
0.0000
0.0000
0.0000
0.0000
0.0000
0.0000
0.0000
0.0000
0.6549
0.0000
0.0000
0.0000
0.0000
4.3971
0.0000
0.0000
0.0000
0.0000
0.0000
0.0000
0.0000
0.0000
0.0000
0.0000
0.0000
0.0000
0.0000
0.0000
0.0000
0.0000
0.0000
0.7261
9.5874
0.0000
0.0000
0.0000
4.4340
0.0000
0.0000
0.0000
0.0000
0.0000
0.0000
1.6696
0.0000
0.0000
0.0000
0.0000
0.0000
0.0000
0.0000
0.0000
0.0000
0.0000
0.0000
0.0000
0.0000
0.0000
0.0000
0.8486
0.0000
0.5111
0.0000
0.0000
0.0000
0.0000
0.0000
0.0000
0.0000
0.0000
0.0000
0.0000
0.0000
0.0000
0.0000
0.0000
0.0000
17.1539
0.0000
0.0000
0.0000
0.0000
0.0000
0.0000
1.1386
3.9456
0.0000
0.0000
0.0000
0.0000
0.0000
0.0000
5.8989
0.0000
0.0000
0.0000
0.0000
0.0000
0.0000
0.0000
0.0000
0.0000
0.0000
0.0000
0.0000
0.0000
0.0000
0.0000
0.0000
2.2308
0.0000
0.0000
0.0000
0.0000
0.0000
0.0000
0.0921
0.0000
0.0000
0.0000
0.0000
0.3746
0.0000
0.0000
0.0000
0.0000
0.0000
0.0000
0.0000
3.1178
0.0000
0.0000
0.0000
0.0000
2.9950
0.0000
0.0000
0.0000
0.0701
0.0000
0.0000
0.0000
0.9180
0.0000
7.1912
0.0000
0.0000
0.0000
2.4979
0.0000
0.0000
0.0000
0.0000
0.0000
0.0000
0.0000
0.0000
0.0000
0.0000
0.0000
0.0000
0.0000
0.0000
0.0000
2.3283
3.4096
0.0000
0.0000
3.6856
3.1548
0.0000
0.0000
0.0000
0.0000
1.6353
0.0000
0.0000
0.3840
2.5391
0.0000
0.0000
0.0000
0.0000
0.0000
0.0000
0.0000
0.0000
0.0000
0.0000
0.0000
0.0000
0.0000
0.0000
0.0000
0.0000
0.0000
0.0000
3.9779
0.0000
0.0000
0.0000
0.0000
0.0000
0.0000
0.0000
0.0000
0.0000
0.1595
0.0000
0.0000
0.0000
0.0000
0.0000
0.0000
11.4747
0.0000
0.0000
0.0000
1.2340
0.0000
0.0000
0.0000
4.7943
0.0000
0.0916
0.0000
0.0000
0.0000
0.0000
0.0000
0.0000
0.0000
0.0000
0.0000
0.0000
0.0000
0.0000
0.0000
1.0365
0.0000
0.0000
0.0000
0.3499
6.4525
0.0000
0.0000
0.0000
0.0000
0.0000
0.0000
1.8261
0.0000
0.0000
0.0000
0.0000
0.0000
0.0000
0.0000
0.0000
3.0604
0.0000
0.0000
0.0000
0.0000
0.0000
0.0000
0.0000
0.0000
0.0000
0.0000
0.0000
0.0000
0.0000
0.0000
0.0000
0.0000
0.0000
0.0000
0.5123
1.2617
0.0000
0.0000
0.0000
0.0000
1.5316
0.0000
0.0000
0.0000
0.0000
0.0000
0.0000
0.0000
0.0000
0.0000
0.0000
0.0000
0.0000
0.0000
0.0000
0.0000
0.0000
0.0000
0.0000
0.0000
0.0000
0.0072
0.0000
0.0000
10.3122
0.0000
0.0000
0.0000
0.0000
0.0000
0.0000
0.0000
0.0000
0.0000
0.0000
0.0000
0.0000
0.0000
0.0000
0.0000
0.0000
0.4353
0.0000
0.0000
0.0000
0.0000
0.0000
0.0000
3.9230
0.0000
0.0000
0.0000
0.0000
0.0000
0.0000
0.0000
0.0000
0.0000
1.0698
0.0000
0.0000
0.0000
0.0000
0.0000
0.0000
0.0000
0.0000
0.0000
0.0000
0.3716
0.0000
0.0000
0.0000
0.0000
2.2813
0.0000
0.0000
0.0000
0.0682
0.0000
0.0000
0.0000
0.0000
0.0000
0.0000
0.0000
0.0000
0.0000
0.0000
0.0000
3.8277
0.0000
0.0000
0.0000
0.0000
0.0000
0.7574
0.0000
2.9163
0.0000
0.0000
0.0000
0.0000
0.0000
0.0000
0.0000
7.0799
0.0000
0.0000
0.0000
0.0000
0.0000
0.0000
13.6616
0.0000
0.0000
0.0000
0.0000
0.0000
0.0000
0.0000
1.6012
0.0000
9.3717
0.0000
0.0000
0.0000
1.3515
0.0000
0.0000
0.0000
0.0000
0.0000
0.0000
0.0000
0.0000
1.5303
0.0000
3.9458
0.0000
0.0000
0.0000
0.0000
0.0000
0.4410
11.9450
0.0000
0.0000
0.0000
0.0000
0.0000
0.0000
0.0000
0.0000
0.0000
4.4547
0.0000
0.0000
0.0000
0.0000
0.0000
1.3038
0.0000
0.0000
0.0000
0.1283
0.0000
0.0000
5.1686
0.0000
0.3854
0.0000
2.0186
0.0000
0.0000
0.0000
0.0000
0.0000
0.0000
0.0000
0.0000
1.0561
0.0000
0.0000
0.0000
0.0000
0.0000
0.0000
0.0000
0.0000
0.0000
0.0000
0.0000
0.0000
0.0000
0.0000
0.0000
0.0000
0.0000
0.0000
0.0000
0.0000
0.0000
0.0000
0.0000
0.0000
0.0000
0.0000
0.0000
0.0000
0.0000
0.0000
0.0000
0.0000
0.0000
0.0000
0.0000
0.0000
0.0000
0.0000
0.0000
0.6573
0.0000
0.0000
1.2981
0.0000
0.0000
0.0000
0.0000
0.0000
0.0000
0.0000
4.2742
0.0000
0.0000
0.0000
0.0000
0.0000
0.0000
0.0000
0.0000
0.0000
0.0000
0.0000
0.0000
0.0000
0.3032
0.0000
0.0000
0.0000
0.0000
0.0000
1.4271
0.0000
0.0000
0.5772
0.0000
0.0000
0.0000
0.0000
0.0000
0.0000
1.6054
0.0000
0.0000
0.0000
3.3046
0.0000
0.0000
0.0000
0.0000
4.7906
0.0000
0.0000
0.0000
1.4217
1.6104
6.5163
0.0000
0.0000
0.0000
7.1779
0.0000
2.2240
0.0000
0.0000
0.0000
1.1721
0.0000
0.0000
0.0000
0.0000
0.0000
0.0000
0.0000
0.0000
0.0000
0.0000
0.0000
0.0000
6.9593
0.0000
0.0000
0.0000
0.0000
0.0000
0.0000
0.0000
0.0000
0.0000
1.3491
0.0000
0.0000
0.0000
2.4430
0.0000
0.0000
0.3648
0.0000
0.0000
0.0000
1.1340
0.0000
0.0000
0.0000
0.0000
0.0000
8.3185
0.0000
0.0000
0.0000
0.0000
0.3581
0.0000
0.0000
0.0000
0.0000
0.0000
0.0000
0.0000
0.0000
0.0000
0.0000
0.0000
0.0000
0.0000
0.0000
0.0000
2.6945
0.0000
0.0000
0.0000
0.0000
0.0000
5.9970
13.7015
0.0000
0.0000
0.0000
0.0000
0.0000
0.0000
0.0000
0.0000
0.0000
2.9100
10.2795
0.0000
0.0000
0.0000
0.1079
0.0000
0.0000
0.0000
0.0000
0.0000
0.0000
0.0000
0.0000
0.0000
0.0000
0.0000
0.0000
0.0000
0.0000
0.0000
0.0000
0.0000
0.0000
0.0000
0.0000
0.0000
4.9632
0.0000
0.0000
0.0369
0.0000
0.0000
0.0000
0.0000
0.0000
0.0000
0.0000
0.0000
0.0000
0.0000
0.0000
0.0000
0.0000
0.0000
0.0000
0.0000
0.0000
0.0000
0.0000
0.0000
0.0000
0.0000
0.0000
5.5928
0.0000
0.0000
0.0000
0.0000
0.0000
0.0000
0.0000
0.0000
0.0000
0.0000
0.0000
0.0000
0.0000
0.0000
0.0000
0.0000
0.0000
0.0000
0.0000
0.0000
0.0000
0.0000
0.0000
0.0000
0.0000
0.0000
0.0000
0.0000
0.0000
0.0000
0.0000
0.0000
0.0000
4.0534
0.0000
0.0000
0.0000
0.0000
0.0000
0.0000
0.0000
0.0000
0.0000
0.0000
0.0000
0.0000
0.0000
0.0000
0.0000
0.0000
0.0000
0.0000
0.0000
0.0000
0.0000
0.0000
0.0000
0.0000
0.0000
0.1012
0.0000
0.0000
0.0000
4.9520
6.6839
0.0000
0.0000
1.9728
0.0000
0.0000
0.0000
0.0000
0.0000
0.0000
0.0000
0.0000
0.7116
0.0000
0.0000
0.0000
0.0000
4.2207
0.0000
0.0000
3.5815
0.0000
0.0000
0.0000
1.5286
0.0000
0.0000
0.0000
0.0000
0.0000
0.0000
3.4783
0.0000
0.0000
0.0000
0.0000
0.0000
0.0000
0.0000
0.0000
0.0000
0.0000
0.0000
5.0476
0.0000
0.0000
0.0000
0.0000
0.0000
0.0000
0.0000
0.0000
0.0000
0.0000
0.0000
0.0000
0.0000
0.0000
0.0000
3.3541
0.0000
0.0000
0.0000
0.0000
3.3664
0.0000
0.0000
0.0000
0.0000
0.0000
0.0000
0.0000
0.0000
0.0000
0.0000
0.0000
3.9859
0.0000
0.0000
0.0000
2.6938
8.8416
0.0000
2.6773
0.0000
0.0000
0.0000
0.0000
14.5553
0.0000
0.0000
0.0000
0.0000
0.0000
0.0000
0.0000
0.0000
0.0000
0.0000
2.5524
7.3818
0.0000
0.0000
0.0000
0.0000
0.0000
0.0000
0.0000
0.0000
0.0000
0.0000
0.0000
0.0000
0.0000
0.2414
0.0000
0.0000
0.0000
0.0000
0.0000
1.0600
0.0381
1.6861
0.0000
0.0000
0.0000
0.0000
0.0000
0.0000
0.0000
0.0000
0.0000
0.0000
0.0000
0.0000
2.9316
0.0000
0.0000
0.0000
0.0000
0.0000
0.0000
0.0000
0.0000
0.0000
4.5690
2.2744
0.0000
6.9960
0.0000
0.3526
0.0000
0.0000
0.0000
0.0000
0.0000
0.0000
0.0000
0.0000
0.0000
0.0000
0.0000
0.0000
0.0000
0.0000
0.0000
0.0000
0.0000
2.6641
0.0000
0.0000
5.9695
0.0000
0.0000
0.0000
0.0000
3.4727
0.0000
0.0000
0.0000
0.0000
0.0000
1.7790
6.1294
0.0000
0.0000
0.0000
0.0000
0.0000
0.0000
0.0000
0.0000
0.0000
0.0000
0.0000
0.0000
0.0000
6.9406
0.0000
0.0000
0.0000
0.0000
0.0000
0.0000
0.0000
0.0000
4.6478
2.6135
0.0000
0.0000
0.0000
0.0000
0.0000
0.0000
0.0000
0.0000
0.0000
0.0000
0.0000
0.0000
0.0000
6.5415
0.0000
0.0000
0.0000
0.0000
0.0000
0.0000
0.0000
0.0000
0.0000
0.0000
0.0000
0.0000
0.0000
6.6657
0.0000
0.0000
0.0000
2.9989
0.0000
0.0000
0.0000
3.5899
0.0000
0.0000
0.0000
0.0000
0.0000
0.0000
0.0000
6.3022
0.0000
0.0000
0.0000
0.0000
0.0000
0.0000
0.0000
0.0000
0.0000
0.0000
0.0000
0.0000
0.0000
0.0000
0.0000
2.9045
0.0000
9.5149
0.0000
0.0000
2.5708
0.0000
0.0000
0.0000
0.0000
0.0000
0.0000
0.0000
0.0000
5.1792
4.3124
0.0000
0.0000
0.0000
0.0000
0.0000
0.0000
0.0000
0.0000
1.1519
0.0000
0.0000
0.0000
0.0000
0.0000
0.0000
0.0000
0.0000
0.0000
0.0000
0.0000
0.0000
3.1381
0.0000
0.0000
0.0000
0.0000
0.0000
0.0000
0.0000
0.0000
0.0000
0.0000
0.0000
0.0000
0.0000
0.0000
0.0000
0.0000
0.0000
0.0000
0.0000
0.0000
0.0000
0.0000
0.0000
0.2857
0.0000
0.0000
0.0000
0.0000
0.0000
0.0000
0.0000
0.0000
0.0000
0.7135
1.1225
0.0000
0.0000
0.0000
0.0000
0.0000
0.0000
0.0000
0.0000
0.0000
0.0000
0.0000
0.0000
0.0000
0.0000
0.0000
0.0000
0.0000
0.0000
0.0000
0.0000
0.0000
0.0000
0.0000
0.0000
0.0000
9.8622
0.0000
0.0000
0.0000
0.0000
8.1819
0.0000
0.0000
0.0000
3.1244
0.0000
0.0000
0.0000
0.0000
0.0000
0.0000
0.0000
0.0000
0.0000
0.0000
0.0000
0.0000
0.0000
0.0000
0.0000
0.0000
0.0000
0.0000
0.0000
0.0000
0.0000
0.0000
0.0000
0.0000
0.0000
0.0000
0.0000
0.0000
0.0000
0.0000
0.0000
0.0000
0.0000
0.0000
0.0000
0.0000
0.0000
0.0000
0.0000
0.0000
0.0000
0.0000
0.0000
0.0000
0.0000
0.0000
0.0000
0.0000
0.0000
0.0000
0.0000
0.0000
2.2975
0.0000
0.0000
0.0000
0.0000
0.0000
0.0000
0.0000
0.0000
0.0000
0.0000
0.0000
0.0000
0.0000
0.0000
0.0000
0.0000
0.0000
0.0000
0.0000
0.0000
0.0000
0.0000
0.0000
0.0000
0.0000
0.0000
0.0000
0.0000
0.0000
0.0000
0.0000
0.0000
0.0000
0.0000
0.0000
0.0000
0.0000
0.0000
0.0000
0.0000
0.0000
0.0000
0.0000
0.0000
0.0000
0.0000
0.0000
0.0000
0.0000
0.0000
0.0000
0.0000
0.0000
0.0000
0.5110
0.0000
0.0000
0.0000
0.0000
0.0000
0.0000
0.0000
0.0000
0.0000
0.0000
0.0000
0.0000
0.0000
0.0000
0.0000
0.0000
0.0000
0.0000
0.0000
0.0000
0.0000
0.0000
13.9085
0.0000
0.0000
0.0000
0.0000
0.0000
0.0000
0.0000
0.0000
0.0000
0.0000
0.0000
0.0000
0.0000
0.0000
0.0000
0.0000
0.0000
0.0000
0.0000
0.0000
0.0000
0.0000
0.0000
0.0000
0.0000
0.0000
0.0000
0.0000
0.0000
2.0874
0.0000
0.0000
0.0000
0.0000
0.0000
0.0000
0.0000
0.6201
0.0000
0.4827
0.0000
0.0000
0.0000
0.0000
0.0000
0.0000
0.0000
0.0000
0.0000
0.0000
0.0000
0.0000
0.0000
0.0000
0.0000
0.0000
7.6923
0.0000
0.5085
0.0000
0.0000
0.0000
0.0000
0.0000
0.0000
0.0000
3.9408
0.0000
1.4148
9.0002
0.0000
5.6695
1.8419
0.0000
0.0000
0.0000
0.0000
0.0000
0.0000
5.3620
3.7212
0.0000
1.0261
0.0000
0.6614
0.0000
0.0000
0.0000
1.9746
0.0000
0.0000
0.0000
0.0000
0.0000
0.0000
0.0000
0.0000
0.0000
0.0000
1.8245
0.0000
0.0000
0.0000
0.0000
0.0000
0.0000
0.1540
0.0000
0.0000
0.0000
0.0000
0.0000
0.0000
0.0000
0.0000
0.0000
0.0000
0.0000
0.0000
0.0000
0.0000
0.0000
0.0000
0.0000
0.0000
0.0000
0.0000
0.0000
0.0000
1.9525
0.0000
0.0000
0.0000
0.0000
0.0000
0.0000
0.0000
0.0000
0.0000
0.0000
0.0000
0.0000
0.0000
0.0000
0.0000
1.3082
0.0000
0.0000
0.0000
0.0000
0.0000
3.3979
0.0000
0.0000
0.0000
0.0000
0.0000
0.0000
0.0000
0.0000
0.0000
0.0000
0.0000
0.0000
0.0000
0.0000
0.0000
0.0000
0.0000
0.0000
0.0000
0.0000
0.0000
5.3359
0.0000
0.0000
0.0000
0.0000
4.7025
0.0000
0.0000
0.0000
11.2682
0.0000
0.0000
0.0000
0.0000
16.8493
0.0000
0.0000
0.0000
0.0000
0.0000
0.0000
0.0000
10.7115
0.0000
0.0000
0.0000
0.0000
0.0000
0.0000
0.0000
0.0000
0.0000
10.2511
0.0000
0.0000
0.0000
0.0000
0.0000
0.0000
0.0000
0.0000
3.6460
0.0000
0.0000
0.0000
3.8489
5.0833
0.0000
0.0000
0.0000
0.0000
3.4223
0.0000
4.2051
0.0000
0.0000
0.0000
7.6177
0.0000
0.0000
0.0000
0.0000
0.0000
0.0000
0.0000
0.0000
0.0000
0.0000
0.0000
0.0000
0.0000
4.3264
0.0000
0.0000
0.0000
0.0000
0.0000
0.0000
8.8255
0.0000
8.3757
0.0000
10.3229
0.0000
0.0000
0.0000
0.0000
10.3500
0.0000
0.0000
0.0000
1.3128
0.0000
0.0000
0.0000
2.6985
0.0000
0.0000
3.4556
0.0000
0.0000
0.0000
0.0000
0.0000
0.0000
0.9171
0.0000
1.3625
0.0000
0.0000
0.0000
0.0000
0.0000
0.0000
0.0000
0.0000
0.0000
1.8106
0.0000
0.0000
0.0000
0.0000
0.0000
0.0000
0.0000
0.0000
0.0000
0.0000
0.0000
0.0000
0.0000
0.0000
0.0000
0.0000
0.0000
0.0000
0.0000
0.0000
0.0000
0.0000
0.0000
0.0000
0.0000
0.0000
0.0000
0.0000
0.0000
0.0000
0.0000
0.0000
0.0000
0.0000
0.0000
0.0000
0.0000
0.0000
0.0000
0.0000
0.0000
0.0000
0.0000
0.0000
0.0000
0.0000
0.0000
0.0000
0.0000
0.0000
0.0000
0.0000
0.0000
0.0000
0.0000
0.0000
0.0000
0.0000
0.0000
0.0000
0.0000
0.0000
0.0000
0.0000
0.0000
1.9700
0.0000
0.0000
0.0000
0.0000
0.0000
0.0000
9.4409
0.0000
0.0000
0.0000
0.0000
0.0000
0.0000
0.0000
0.0000
0.0000
1.6897
0.0000
0.0000
0.0000
0.0000
0.0000
0.0000
0.0000
1.8023
0.0000
0.0000
0.0000
0.0000
0.0000
0.9755
7.0732
0.0000
1.6930
0.0000
0.0000
0.0000
0.0000
0.0000
0.0000
0.0000
0.0000
0.0000
0.0000
0.0000
0.0000
0.0000
0.0000
2.1492
0.0000
0.0000
8.3130
0.0000
0.0000
0.0000
0.0000
0.0000
0.0000
0.0000
0.0000
0.0000
0.0000
0.0000
0.0000
0.0000
0.0000
0.0000
0.0000
0.0000
0.0000
0.0000
0.0000
0.0000
4.8502
0.0000
0.0000
0.0000
0.0000
0.0000
0.0000
5.9171
0.0000
0.0000
0.0000
0.0000
0.0000
0.0000
0.0000
0.0000
0.0000
0.0000
0.8850
0.0000
0.0000
0.0000
0.0000
0.0000
0.0000
0.0000
1.6178
0.0000
0.0000
0.0000
0.0000
0.0000
8.9395
0.0000
0.0000
0.0000
0.0000
0.0000
2.2848
5.2323
0.0000
0.0000
0.0000
0.0000
0.0000
0.0000
0.0000
0.0000
0.0000
0.0000
